0.0 0.0 0.0 3.7128890251958637 0.0 0.0 0.0 0.0 0.0 0.0 0.0 5.348070167541216e-07
0.0 0.0 0.0 7.576438788478958 0.0 0.0 0.0 0.0 0.0 0.0 0.0 -0.09861788961484737
0.0 0.0 0.0 7.643817827237869 0.0 0.0 0.0 0.0 0.0 0.0 0.0 0.027602584500319396
0.0 0.0 0.0 3.7564994445412405 0.0 0.0 0.0 0.0 0.0 0.0 0.0 3.219540472339528
0.0 0.0 0.0 -3.8789453040363893 0.0 0.0 0.0 0.0 0.0 0.0 0.0 7.005940219844959
0.0 0.0 0.0 -0.20522004989505405 0.0 0.0 0.0 0.0 0.0 0.0 0.0 6.98474850814393
0.0 0.0 0.0 4.28277630291926 0.0 0.0 0.0 0.0 0.0 0.0 0.0 7.020949076081329
0.0 0.0 0.0 8.162708342186551 0.0 0.0 0.0 0.0 0.0 0.0 0.0 7.13776271073666
0.0 0.0 0.0 8.586635669788906 0.0 0.0 0.0 0.0 0.0 0.0 0.0 8.281874247278642
0.0 0.0 0.0 12.106211482351876 0.0 0.0 0.0 0.0 0.0 0.0 0.0 8.324062019555127
0.0 0.0 0.0 15.767935884526487 0.0 0.0 0.0 0.0 0.0 0.0 0.0 8.358431925366647
0.0 0.0 0.0 18.57706101699723 0.0 0.0 0.0 0.0 0.0 0.0 0.0 8.260768533201748
0.0 0.0 0.0 18.528748711091975 0.0 0.0 0.0 0.0 0.0 0.0 0.0 9.197010713164776
0.0 0.0 0.0 22.48041828982206 0.0 0.0 0.0 0.0 0.0 0.0 0.0 10.487704556466882
0.0 0.0 0.0 26.815030067490675 0.0 0.0 0.0 0.0 0.0 0.0 0.0 10.38095233535615
0.0 0.0 0.0 27.14743214944349 0.0 0.0 0.0 0.0 0.0 0.0 0.0 11.625925478433224
0.0 0.0 0.0 28.31877342919542 0.0 0.0 0.0 0.0 0.0 0.0 0.0 13.738677515327286
0.0 0.0 0.0 28.221241677010745 0.0 0.0 0.0 0.0 0.0 0.0 0.0 14.768805546629851
